# Created by Octave 9.2.0, Sat Dec 07 19:25:13 2024 GMT <unknown@LAPTOP-7ODFR682>
# name: c_x
# type: matrix
# rows: 10
# columns: 4
 0 2.7360139860013479 2.5925925929996789 2.5925925930019007
 0.047536187155663323 0.017507780341480653 0.0053741690634712706 0.16122507190725283
 0.0010033478521577748 -0.00051376202492327695 0.00013971409253217724 0.12574268328087709
 -3.158262979268107e-05 2.9992875002633538e-06 -1.0524839429465601e-07 -0.0028417066461350212
 3.2660670517471595e-07 2.7628085213311465e-08 -3.3352991370138914e-08 -0.027015923010216776
 -1.7592782978495711e-09 -4.2791032874359862e-10 -3.8926122830799974e-10 -0.0094590478480101516
 5.4618363887544053e-12 2.2214590923985652e-12 -2.0144108806576397e-12 -0.001468505532017762
 -9.8480916643030106e-15 -5.750852180263431e-15 -5.3909045832820882e-15 -0.00011789908323779673
 9.5895141331578663e-18 7.4823170504923719e-18 -7.2680625284156862e-18 -4.7685758249495306e-06
 -3.9022168198257313e-21 -3.9022168198487815e-21 -3.9022168197865717e-21 -7.6807333664749721e-08


