# Created by Octave 9.2.0, Sat Dec 07 19:12:32 2024 GMT <unknown@LAPTOP-7ODFR682>
# name: c_y
# type: matrix
# rows: 10
# columns: 4
 0 5 40.000000000000007 39.999999999999993
 0.083333333333333343 0.083333333333333356 0.083333333333333121 2.4999999999999858
 -2.3026847921068346e-18 -8.2238742541303161e-21 -4.2106236193015084e-18 -3.8651621585909283e-15
 8.9381329654995772e-20 -1.2423380416187785e-20 2.9072918436341892e-20 2.035511676908796e-15
 -1.2866936597479656e-21 4.3689331987271488e-23 1.0411196367717245e-21 1.1826518600421503e-15
 9.1582612043891748e-24 1.1723462722946022e-24 8.7013793010363329e-24 2.4839037352549784e-16
 -3.5693898683140767e-26 -1.1263408028792514e-26 3.5376619583011245e-26 2.7623406207962859e-17
 7.7557113187845708e-29 4.0541218256982521e-29 7.7557113186347171e-29 1.7305931819880698e-18
 -8.8133083167857253e-32 -6.609981237550538e-32 8.8133083166151479e-32 5.7824115865945256e-20
 4.0802353318408116e-35 4.0802353318211635e-35 4.0802353317587673e-35 8.0311272036024825e-22


